
Verbose Run for Accuracy Verification:

=============Initializing Experiment============
Generating Cone with: 
[(-6, -5, 3, -4, 4), (6, 4, -6, 5, 3), (-1, 5, -5, -5, 3), (3, 1, -1, -2, 4), (5, 2, -1, 6, 5)]
...

Extremal Generators of the Inner Cone: 
(A ray in the direction (-6, -5, 3, -4, 4), A ray in the direction (-1, 5, -5, -5, 3), A ray in the direction (3, 1, -1, -2, 4), A ray in the direction (5, 2, -1, 6, 5), A ray in the direction (6, 4, -6, 5, 3))
Vector Outside of Inner Cone: (4, -2, -1, 3, 2)
Extremal Generators of the Outer Cone: 
(A ray in the direction (-6, -5, 3, -4, 4), A ray in the direction (-1, 5, -5, -5, 3), A ray in the direction (3, 1, -1, -2, 4), A ray in the direction (4, -2, -1, 3, 2), A ray in the direction (5, 2, -1, 6, 5), A ray in the direction (6, 4, -6, 5, 3))
=============Initialization Complete============
Hilbert Basis of D: [(-6, -5, 3, -4, 4), (-6, -1, -1, -8, 7), (-6, 0, -2, -8, 7), (-5, -4, 2, -4, 5), (-5, -3, 1, -5, 5), (-5, -3, 1, -5, 6), (-5, -2, 0, -7, 7), (-5, -2, 0, -6, 6), (-5, -2, 0, -5, 6), (-5, -1, -1, -8, 8), (-5, -1, -1, -6, 6), (-5, 1, -3, -7, 8), (-4, -5, 2, -3, 5), (-4, -4, 2, -4, 5), (-4, -4, 2, -3, 4), (-4, -4, 2, -3, 5), (-4, -3, 1, -6, 7), (-4, -3, 1, -5, 6), (-4, -3, 1, -4, 5), (-4, -3, 1, -3, 5), (-4, -2, 0, -7, 8), (-4, -2, 0, -4, 5), (-4, -1, -1, -6, 6), (-4, -1, -1, -5, 5), (-4, 1, -4, -6, 8), (-3, -5, 2, -3, 6), (-3, -5, 2, -2, 5), (-3, -4, 1, -2, 5), (-3, -4, 2, -4, 7), (-3, -4, 2, -3, 6), (-3, -4, 2, -3, 7), (-3, -4, 2, -2, 6), (-3, -4, 2, -1, 6), (-3, -3, 0, -4, 6), (-3, -3, 1, -6, 8), (-3, -3, 1, -2, 4), (-3, -2, 0, -5, 6), (-3, -2, 0, -4, 5), (-3, -2, 0, -3, 4), (-3, -2, 0, -2, 7), (-3, -1, -3, -6, 8), (-3, -1, -1, -3, 5), (-3, 0, -3, -4, 7), (-3, 0, -1, -4, 4), (-3, 1, -2, -5, 4), (-3, 1, -2, -5, 5), (-3, 2, -3, -6, 5), (-3, 2, -3, -6, 6), (-3, 2, -3, -5, 7), (-2, -5, 1, -1, 6), (-2, -4, 1, -4, 7), (-2, -4, 1, -3, 6), (-2, -4, 1, -2, 5), (-2, -4, 1, -1, 5), (-2, -4, 2, 0, 7), (-2, -3, 0, -1, 5), (-2, -3, 1, -4, 6), (-2, -3, 1, -3, 5), (-2, -3, 1, -2, 4), (-2, -3, 1, -1, 4), (-2, -2, 0, -1, 4), (-2, -2, 1, -2, 3), (-2, -2, 1, -2, 4), (-2, -2, 1, -1, 3), (-2, -2, 1, -1, 4), (-2, -2, 1, -1, 5), (-2, -1, -2, -2, 6), (-2, -1, -1, -3, 4), (-2, -1, 0, -3, 4), (-2, -1, 0, -3, 5), (-2, -1, 0, -2, 3), (-2, -1, 0, -2, 4), (-2, -1, 0, -2, 5), (-2, -1, 0, -2, 6), (-2, 0, -1, -4, 4), (-2, 0, -1, -4, 5), (-2, 0, -1, -4, 6), (-2, 0, -1, -3, 3), (-2, 0, -1, -3, 4), (-2, 0, -1, -3, 5), (-2, 0, -1, -3, 6), (-2, 0, -1, -3, 7), (-2, 0, -1, -2, 8), (-2, 1, -2, -5, 5), (-2, 1, -2, -5, 7), (-2, 1, -2, -4, 4), (-2, 1, -2, -4, 5), (-2, 1, -2, -4, 8), (-2, 1, -2, -3, 6), (-2, 1, -2, -3, 7), (-2, 1, -2, -3, 9), (-2, 2, -3, -6, 8), (-2, 2, -3, -5, 5), (-2, 2, -3, -5, 9), (-2, 2, -3, -4, 4), (-2, 2, -3, -4, 5), (-2, 2, -3, -4, 10), (-2, 3, -4, -6, 5), (-2, 3, -4, -6, 6), (-2, 3, -4, -5, 5), (-1, -5, 1, 0, 6), (-1, -4, 0, -2, 6), (-1, -4, 0, 0, 6), (-1, -4, 1, -1, 5), (-1, -4, 1, 0, 5), (-1, -3, 0, -2, 5), (-1, -3, 1, -4, 7), (-1, -3, 1, -3, 6), (-1, -3, 1, -2, 5), (-1, -3, 1, -1, 4), (-1, -2, 0, -3, 5), (-1, -2, 0, -2, 4), (-1, -2, 0, -1, 3), (-1, -2, 1, -2, 5), (-1, -2, 1, -2, 6), (-1, -2, 1, -1, 5), (-1, -2, 1, -1, 6), (-1, -2, 1, -1, 7), (-1, -2, 1, 0, 4), (-1, -2, 1, 0, 5), (-1, -2, 1, 0, 6), (-1, -2, 1, 0, 7), (-1, -2, 1, 0, 8), (-1, -2, 1, 1, 8), (-1, -2, 1, 1, 9), (-1, -1, -3, -4, 7), (-1, -1, 0, -3, 4), (-1, -1, 0, -2, 3), (-1, -1, 0, -2, 4), (-1, -1, 0, -2, 8), (-1, -1, 0, -1, 2), (-1, -1, 0, -1, 3), (-1, -1, 0, -1, 4), (-1, -1, 0, -1, 9), (-1, -1, 0, 0, 6), (-1, -1, 0, 0, 10), (-1, 0, -3, -1, 7), (-1, 0, -1, -5, 6), (-1, 0, -1, -4, 5), (-1, 0, -1, -3, 4), (-1, 0, -1, -3, 9), (-1, 0, -1, -2, 3), (-1, 0, -1, -2, 4), (-1, 0, -1, -2, 10), (-1, 0, -1, -1, 11), (-1, 1, -3, -4, 5), (-1, 1, -2, -6, 7), (-1, 1, -2, -3, 4), (-1, 1, -2, -3, 11), (-1, 1, -2, -2, 3), (-1, 1, -2, -2, 4), (-1, 1, -2, -1, 11), (-1, 2, -4, -4, 5), (-1, 2, -3, -7, 8), (-1, 2, -3, -5, 5), (-1, 2, -3, -4, 4), (-1, 2, -3, -4, 5), (-1, 2, -3, -4, 12), (-1, 2, -3, -3, 4), (-1, 3, -4, -8, 9), (-1, 3, -4, -7, 7), (-1, 3, -4, -6, 6), (-1, 3, -4, -5, 5), (-1, 3, -4, -4, 4), (-1, 5, -5, -5, 3), (0, -5, 1, -1, 6), (0, -5, 1, 0, 6), (0, -4, 0, -4, 9), (0, -4, 0, 0, 5), (0, -4, 1, -3, 8), (0, -4, 1, 1, 6), (0, -3, -1, 1, 7), (0, -3, 0, -4, 8), (0, -3, 0, 0, 4), (0, -3, 0, 1, 6), (0, -2, -2, -3, 7), (0, -2, -2, 1, 7), (0, -2, -1, 1, 6), (0, -2, 0, -4, 7), (0, -2, 0, -3, 6), (0, -2, 0, -2, 5), (0, -2, 0, -1, 4), (0, -2, 0, 0, 3), (0, -2, 0, 1, 5), (0, -2, 1, -1, 8), (0, -2, 1, 0, 7), (0, -2, 1, 0, 10), (0, -2, 1, 1, 6), (0, -2, 1, 1, 7), (0, -2, 1, 2, 7), (0, -1, -2, 0, 5), (0, -1, -2, 1, 6), (0, -1, -1, -1, 3), (0, -1, -1, 1, 5), (0, -1, 0, -4, 6), (0, -1, 0, -4, 7), (0, -1, 0, -3, 5), (0, -1, 0, -2, 4), (0, -1, 0, -2, 5), (0, -1, 0, -1, 3), (0, -1, 0, -1, 4), (0, -1, 0, -1, 5), (0, -1, 0, 0, 2), (0, -1, 0, 0, 3), (0, -1, 0, 0, 4), (0, -1, 0, 1, 4), (0, 0, -1, -5, 7), (0, 0, -1, -2, 3), (0, 0, -1, -1, 2), (0, 0, -1, -1, 3), (0, 0, -1, 0, 2), (0, 0, -1, 0, 3), (0, 0, -1, 0, 4), (0, 1, -3, -2, 4), (0, 1, -2, -4, 5), (0, 1, -2, -3, 4), (0, 1, -2, -2, 3), (0, 1, -2, -2, 4), (0, 1, -2, -1, 3), (0, 2, -3, -6, 7), (0, 2, -3, -5, 6), (0, 2, -3, -4, 5), (0, 2, -3, -3, 4), (0, 2, -3, -2, 3), (0, 2, -3, -2, 4), (0, 3, -6, -3, 7), (0, 3, -5, -4, 5), (0, 3, -5, -2, 6), (0, 3, -4, -7, 8), (0, 3, -4, -4, 5), (0, 3, -4, -3, 4), (0, 4, -5, -6, 6), (0, 4, -5, -5, 5), (0, 4, -5, -4, 4), (0, 4, -5, -3, 4), (0, 4, -4, -3, 3), (0, 4, -4, -3, 4), (0, 5, -5, -5, 4), (0, 5, -5, -4, 4), (0, 5, -5, -4, 5), (1, -5, 0, 2, 8), (1, -5, 1, 2, 7), (1, -4, 0, 0, 5), (1, -4, 0, 1, 5), (1, -3, -1, 1, 5), (1, -3, 0, 0, 4), (1, -3, 0, 1, 4), (1, -2, -1, -3, 7), (1, -2, -1, 1, 4), (1, -2, 0, -1, 5), (1, -2, 0, 0, 3), (1, -2, 0, 0, 4), (1, -2, 0, 1, 3), (1, -2, 1, 3, 8), (1, -1, -1, -3, 6), (1, -1, -1, -2, 5), (1, -1, -1, -1, 4), (1, -1, -1, 0, 3), (1, -1, -1, 1, 3), (1, -1, 0, -3, 6), (1, -1, 0, -2, 5), (1, -1, 0, -2, 6), (1, -1, 0, -1, 4), (1, -1, 0, -1, 5), (1, -1, 0, -1, 6), (1, -1, 0, 0, 3), (1, -1, 0, 0, 4), (1, -1, 0, 0, 5), (1, -1, 0, 1, 2), (1, -1, 0, 1, 3), (1, -1, 0, 1, 4), (1, -1, 0, 1, 5), (1, -1, 0, 2, 5), (1, 0, -4, 1, 7), (1, 0, -3, -2, 5), (1, 0, -2, 2, 8), (1, 0, -1, -3, 5), (1, 0, -1, -2, 4), (1, 0, -1, -1, 3), (1, 0, -1, 0, 2), (1, 0, -1, 0, 3), (1, 0, -1, 1, 2), (1, 0, -1, 1, 3), (1, 0, -1, 2, 7), (1, 1, -5, -2, 7), (1, 1, -3, -2, 4), (1, 1, -2, -4, 6), (1, 1, -2, -1, 3), (1, 1, -2, 0, 2), (1, 1, -2, 0, 3), (1, 1, -2, 1, 5), (1, 1, -1, -1, 2), (1, 1, -1, 0, 2), (1, 1, -1, 0, 3), (1, 1, -1, 1, 4), (1, 2, -5, -1, 6), (1, 2, -4, -2, 4), (1, 2, -4, 0, 5), (1, 2, -3, -3, 4), (1, 2, -3, -2, 3), (1, 2, -3, -2, 4), (1, 2, -3, -1, 3), (1, 2, -2, -2, 3), (1, 2, -2, -1, 3), (1, 2, -2, -1, 4), (1, 2, -2, 0, 2), (1, 2, -2, 0, 3), (1, 2, -2, 0, 4), (1, 2, -2, 0, 5), (1, 3, -4, -5, 6), (1, 3, -4, -4, 5), (1, 3, -4, -3, 4), (1, 3, -4, -2, 3), (1, 3, -4, -2, 4), (1, 3, -4, -1, 3), (1, 3, -4, -1, 4), (1, 3, -3, -3, 4), (1, 3, -3, -2, 3), (1, 3, -3, -2, 4), (1, 3, -3, -2, 5), (1, 3, -3, -1, 3), (1, 3, -3, -1, 4), (1, 3, -3, -1, 5), (1, 3, -3, -1, 6), (1, 4, -8, -2, 9), (1, 4, -5, -7, 8), (1, 4, -5, -6, 7), (1, 4, -5, -5, 6), (1, 4, -5, -4, 5), (1, 4, -5, -3, 4), (1, 4, -5, -2, 4), (1, 4, -4, -4, 5), (1, 4, -4, -3, 4), (1, 4, -4, -3, 5), (1, 4, -4, -3, 6), (1, 4, -4, -2, 4), (1, 4, -4, -2, 5), (1, 4, -4, -2, 6), (1, 4, -4, -2, 7), (1, 4, -4, -1, 7), (1, 4, -4, -1, 8), (1, 5, -6, -3, 4), (1, 5, -5, -5, 5), (1, 5, -5, -4, 7), (1, 5, -5, -2, 6), (1, 6, -7, -3, 5), (2, -4, 0, -1, 7), (2, -4, 1, 4, 10), (2, -3, -1, 2, 5), (2, -3, 0, -2, 7), (2, -3, 0, -1, 6), (2, -3, 0, 0, 5), (2, -3, 0, 2, 4), (2, -3, 0, 3, 7), (2, -2, -3, 2, 7), (2, -2, -2, 3, 8), (2, -2, -1, 2, 4), (2, -2, -1, 3, 7), (2, -2, 0, -2, 7), (2, -2, 0, 3, 6), (2, -1, -3, 2, 6), (2, -1, -1, 0, 4), (2, -1, -1, 1, 2), (2, -1, -1, 1, 3), (2, -1, 0, -1, 7), (2, -1, 0, 0, 6), (2, -1, 0, 0, 7), (2, -1, 0, 1, 6), (2, -1, 0, 2, 5), (2, -1, 0, 2, 6), (2, -1, 0, 3, 5), (2, -1, 0, 3, 6), (2, -1, 0, 4, 8), (2, 0, -3, 2, 5), (2, 0, -2, -2, 5), (2, 0, -2, -1, 4), (2, 0, -2, 0, 3), (2, 0, -2, 1, 3), (2, 0, -1, -2, 5), (2, 0, -1, -1, 4), (2, 0, -1, 0, 3), (2, 0, -1, 1, 2), (2, 0, -1, 1, 3), (2, 0, -1, 2, 3), (2, 0, 0, 2, 5), (2, 0, 0, 3, 5), (2, 0, 0, 3, 6), (2, 1, -3, -1, 4), (2, 1, -3, 0, 3), (2, 1, -3, 2, 4), (2, 1, -2, -2, 4), (2, 1, -2, -1, 3), (2, 1, -2, 0, 3), (2, 1, -2, 1, 2), (2, 1, -2, 1, 3), (2, 1, -2, 2, 3), (2, 1, -1, -1, 3), (2, 1, -1, 0, 3), (2, 1, -1, 0, 4), (2, 1, -1, 0, 5), (2, 1, -1, 1, 3), (2, 1, -1, 1, 4), (2, 1, -1, 1, 5), (2, 1, -1, 1, 6), (2, 1, -1, 2, 2), (2, 1, -1, 2, 3), (2, 1, -1, 2, 4), (2, 1, -1, 2, 5), (2, 1, -1, 2, 6), (2, 1, -1, 2, 7), (2, 2, -5, -3, 6), (2, 2, -4, -1, 4), (2, 2, -3, -4, 6), (2, 2, -3, -3, 5), (2, 2, -3, -2, 4), (2, 2, -3, -1, 3), (2, 2, -3, 0, 3), (2, 2, -3, 1, 2), (2, 2, -3, 1, 3), (2, 2, -2, -1, 6), (2, 2, -2, 0, 3), (2, 2, -2, 0, 7), (2, 2, -2, 1, 3), (2, 2, -2, 1, 4), (2, 2, -2, 1, 5), (2, 2, -2, 1, 8), (2, 3, -5, -3, 5), (2, 3, -5, -2, 4), (2, 3, -4, -5, 7), (2, 3, -4, -2, 4), (2, 3, -4, -1, 4), (2, 3, -4, 0, 3), (2, 3, -3, -2, 4), (2, 3, -3, -1, 8), (2, 3, -3, 0, 9), (2, 4, -7, 0, 8), (2, 4, -5, -2, 4), (2, 4, -5, -1, 4), (2, 4, -4, -2, 9), (2, 4, -4, -1, 10), (2, 5, -6, -3, 5), (2, 5, -6, -2, 4), (2, 5, -6, -1, 4), (2, 5, -5, -5, 6), (3, -2, -1, 0, 5), (3, -2, -1, 1, 4), (3, -2, -1, 2, 3), (3, -2, -1, 3, 5), (3, -1, -3, 3, 6), (3, -1, -2, 3, 5), (3, -1, -1, -1, 5), (3, -1, -1, 0, 4), (3, -1, -1, 1, 3), (3, -1, -1, 1, 4), (3, -1, -1, 2, 2), (3, -1, -1, 2, 3), (3, -1, -1, 3, 4), (3, 0, -4, 3, 6), (3, 0, -3, 0, 4), (3, 0, -3, 3, 5), (3, 0, -2, 1, 3), (3, 0, -2, 2, 2), (3, 0, -2, 2, 3), (3, 0, -2, 3, 4), (3, 0, -1, -1, 4), (3, 0, -1, -1, 5), (3, 0, -1, 0, 3), (3, 0, -1, 0, 4), (3, 0, -1, 1, 3), (3, 0, -1, 1, 4), (3, 0, -1, 2, 3), (3, 0, -1, 2, 4), (3, 0, -1, 3, 3), (3, 0, -1, 4, 6), (3, 0, 0, 3, 8), (3, 0, 0, 4, 7), (3, 1, -4, 3, 5), (3, 1, -4, 4, 10), (3, 1, -3, 0, 4), (3, 1, -3, 1, 3), (3, 1, -3, 2, 3), (3, 1, -3, 3, 4), (3, 1, -2, -2, 5), (3, 1, -2, -1, 4), (3, 1, -2, 0, 3), (3, 1, -2, 1, 3), (3, 1, -2, 2, 2), (3, 1, -2, 2, 3), (3, 1, -2, 3, 3), (3, 1, -1, -2, 4), (3, 1, -1, -1, 4), (3, 1, -1, -1, 5), (3, 1, -1, 0, 4), (3, 1, -1, 0, 5), (3, 1, -1, 0, 6), (3, 1, -1, 1, 4), (3, 1, -1, 1, 5), (3, 1, -1, 1, 6), (3, 1, -1, 2, 3), (3, 1, -1, 2, 4), (3, 1, -1, 2, 5), (3, 1, -1, 2, 6), (3, 1, -1, 2, 9), (3, 1, -1, 3, 3), (3, 1, -1, 3, 4), (3, 1, -1, 3, 5), (3, 1, -1, 3, 6), (3, 1, -1, 4, 6), (3, 1, -1, 4, 7), (3, 2, -5, 1, 5), (3, 2, -4, -3, 6), (3, 2, -4, -2, 5), (3, 2, -4, -1, 4), (3, 2, -4, 0, 4), (3, 2, -4, 3, 7), (3, 2, -3, -1, 4), (3, 2, -3, 1, 3), (3, 2, -3, 2, 2), (3, 2, -3, 2, 3), (3, 2, -3, 3, 6), (3, 2, -2, -2, 6), (3, 2, -2, 0, 4), (3, 2, -2, 1, 10), (3, 2, -2, 3, 5), (3, 3, -6, 2, 7), (3, 3, -5, -2, 5), (3, 3, -5, 0, 4), (3, 3, -4, -1, 4), (3, 3, -4, 1, 3), (3, 3, -4, 2, 4), (3, 3, -3, -3, 7), (3, 3, -3, -2, 5), (3, 3, -3, 1, 4), (3, 4, -6, -2, 5), (3, 4, -5, -5, 7), (3, 4, -5, -4, 6), (3, 4, -5, -2, 5), (3, 4, -5, 0, 4), (3, 4, -5, 1, 3), (3, 4, -4, -1, 5), (3, 5, -6, -2, 5), (3, 5, -6, 0, 4), (3, 6, -7, -2, 5), (3, 6, -6, -1, 6), (3, 7, -9, -1, 7), (4, -3, 0, 5, 8), (4, -2, -1, 1, 5), (4, -2, -1, 2, 4), (4, -2, -1, 3, 2), (4, -2, -1, 3, 3), (4, -2, -1, 4, 5), (4, -2, -1, 5, 8), (4, -1, -2, 1, 4), (4, -1, -2, 2, 3), (4, -1, -2, 3, 3), (4, -1, -1, -1, 6), (4, -1, -1, 0, 5), (4, -1, -1, 1, 4), (4, -1, -1, 2, 4), (4, -1, -1, 3, 3), (4, -1, -1, 3, 4), (4, 0, -4, 2, 5), (4, 0, -3, 1, 4), (4, 0, -2, 2, 3), (4, 0, -2, 3, 3), (4, 0, -1, 1, 5), (4, 0, -1, 2, 4), (4, 0, -1, 2, 5), (4, 0, -1, 3, 4), (4, 0, -1, 4, 4), (4, 1, -4, 1, 4), (4, 1, -4, 3, 4), (4, 1, -3, -2, 6), (4, 1, -3, -1, 5), (4, 1, -3, 2, 3), (4, 1, -3, 3, 3), (4, 1, -2, 0, 4), (4, 1, -2, 1, 4), (4, 1, -2, 2, 4), (4, 1, -2, 3, 3), (4, 1, -2, 4, 4), (4, 1, -2, 5, 7), (4, 1, -1, 0, 6), (4, 1, -1, 0, 7), (4, 1, -1, 0, 8), (4, 1, -1, 1, 5), (4, 1, -1, 1, 6), (4, 1, -1, 1, 7), (4, 1, -1, 1, 9), (4, 1, -1, 2, 5), (4, 1, -1, 2, 6), (4, 1, -1, 2, 7), (4, 1, -1, 3, 4), (4, 1, -1, 3, 5), (4, 1, -1, 3, 6), (4, 1, -1, 3, 7), (4, 1, -1, 4, 4), (4, 1, -1, 4, 5), (4, 1, -1, 4, 6), (4, 1, -1, 5, 6), (4, 2, -4, -1, 5), (4, 2, -4, 1, 4), (4, 2, -4, 2, 3), (4, 2, -4, 3, 3), (4, 2, -4, 4, 5), (4, 2, -3, 0, 4), (4, 2, -3, 2, 3), (4, 2, -3, 3, 3), (4, 2, -3, 4, 4), (4, 2, -2, 0, 5), (4, 2, -2, 3, 4), (4, 3, -6, -3, 7), (4, 3, -5, -1, 5), (4, 3, -5, 1, 4), (4, 3, -5, 3, 4), (4, 3, -4, -1, 5), (4, 3, -4, 3, 3), (4, 3, -3, 1, 5), (4, 4, -6, 1, 4), (4, 4, -5, -1, 5), (4, 4, -5, 1, 4), (4, 4, -4, -1, 6), (4, 4, -4, 2, 5), (4, 5, -8, 0, 6), (4, 5, -7, -2, 6), (4, 5, -6, -4, 7), (4, 5, -6, -2, 6), (4, 5, -6, -1, 5), (4, 6, -8, 0, 5), (4, 6, -8, 1, 6), (4, 6, -7, -2, 6), (4, 7, -7, 0, 7), (5, -2, -1, 5, 6), (5, -1, -3, 4, 4), (5, -1, -2, -1, 7), (5, -1, -2, 3, 3), (5, -1, -2, 4, 3), (5, -1, -2, 4, 4), (5, -1, -2, 5, 6), (5, -1, -1, 4, 5), (5, -1, -1, 5, 5), (5, 0, -4, 5, 7), (5, 0, -3, 2, 4), (5, 0, -3, 4, 3), (5, 0, -3, 4, 4), (5, 0, -3, 5, 6), (5, 0, -2, 0, 5), (5, 0, -2, 2, 4), (5, 0, -2, 3, 4), (5, 0, -2, 5, 5), (5, 0, -1, 5, 5), (5, 0, -1, 6, 7), (5, 1, -6, 3, 7), (5, 1, -4, 2, 4), (5, 1, -4, 4, 4), (5, 1, -3, 0, 5), (5, 1, -3, 2, 4), (5, 1, -3, 4, 3), (5, 1, -3, 5, 5), (5, 1, -3, 6, 8), (5, 1, -2, 1, 5), (5, 1, -2, 4, 4), (5, 1, -2, 5, 4), (5, 1, -2, 6, 7), (5, 1, -1, 2, 8), (5, 1, -1, 3, 7), (5, 1, -1, 3, 8), (5, 1, -1, 4, 6), (5, 1, -1, 4, 7), (5, 1, -1, 5, 6), (5, 1, -1, 5, 7), (5, 1, -1, 6, 6), (5, 2, -5, -2, 7), (5, 2, -5, -1, 6), (5, 2, -4, 2, 4), (5, 2, -4, 4, 3), (5, 2, -4, 4, 4), (5, 2, -3, 0, 5), (5, 2, -3, 3, 4), (5, 2, -3, 6, 8), (5, 2, -2, 3, 5), (5, 2, -1, 6, 5), (5, 3, -6, 1, 5), (5, 3, -5, 2, 4), (5, 3, -5, 4, 3), (5, 3, -5, 4, 4), (5, 3, -5, 5, 8), (5, 3, -4, 0, 5), (5, 3, -4, 3, 4), (5, 3, -3, 1, 6), (5, 3, -3, 4, 5), (5, 3, -3, 5, 5), (5, 3, -3, 5, 6), (5, 4, -7, 1, 5), (5, 4, -7, 2, 5), (5, 4, -6, -1, 6), (5, 4, -6, 4, 6), (5, 4, -5, -1, 6), (5, 4, -5, 1, 5), (5, 4, -5, 4, 5), (5, 4, -4, -1, 7), (5, 4, -4, 2, 6), (5, 5, -7, 1, 5), (5, 5, -7, 3, 5), (5, 5, -6, -1, 6), (5, 5, -6, 2, 5), (5, 5, -5, 3, 6), (5, 6, -9, 0, 6), (5, 6, -8, 1, 5), (5, 8, -10, 0, 6), (5, 8, -9, 0, 7), (6, -1, -2, 4, 4), (6, 0, -5, 5, 6), (6, 0, -3, 3, 4), (6, 0, -3, 5, 4), (6, 0, -2, 3, 5), (6, 1, -5, 5, 5), (6, 1, -4, -1, 7), (6, 1, -4, 5, 4), (6, 1, -3, 5, 4), (6, 1, -2, 5, 5), (6, 1, -2, 6, 5), (6, 2, -5, 2, 5), (6, 2, -5, 5, 4), (6, 2, -4, 5, 4), (6, 2, -3, 6, 5), (6, 2, -3, 7, 8), (6, 3, -5, 5, 4), (6, 3, -5, 6, 6), (6, 3, -4, 3, 5), (6, 3, -4, 6, 5), (6, 3, -3, 1, 7), (6, 3, -3, 4, 6), (6, 4, -6, 2, 5), (6, 4, -6, 5, 3), (6, 4, -6, 5, 4), (6, 4, -6, 5, 5), (6, 4, -5, 1, 6), (6, 4, -5, 4, 5), (6, 4, -4, 2, 7), (6, 4, -4, 5, 6), (6, 5, -8, 1, 6), (6, 5, -7, -1, 7), (6, 5, -7, 4, 4), (6, 5, -6, 2, 6), (6, 5, -5, 0, 8), (6, 5, -5, 3, 7), (6, 6, -8, 1, 6), (6, 6, -7, 3, 6), (6, 7, -9, 1, 6), (7, -1, -2, 7, 7), (7, 0, -4, 6, 5), (7, 0, -4, 7, 8), (7, 0, -4, 8, 11), (7, 0, -3, 4, 5), (7, 0, -3, 7, 7), (7, 0, -2, 4, 6), (7, 0, -2, 7, 6), (7, 1, -4, 0, 7), (7, 1, -4, 3, 5), (7, 1, -3, 6, 5), (7, 1, -2, 6, 6), (7, 1, -2, 7, 6), (7, 2, -5, 5, 4), (7, 2, -5, 6, 5), (7, 3, -6, 5, 4), (7, 3, -5, 8, 10), (7, 3, -4, 7, 6), (7, 3, -3, 4, 7), (7, 3, -3, 7, 6), (7, 4, -6, 6, 4), (7, 4, -5, 4, 6), (7, 4, -5, 7, 7), (7, 4, -4, 2, 8), (7, 4, -4, 5, 7), (7, 5, -8, 4, 5), (7, 5, -7, 2, 6), (7, 5, -6, 2, 7), (7, 5, -6, 5, 6), (7, 5, -6, 6, 6), (7, 5, -5, 3, 8), (7, 5, -5, 6, 7), (7, 6, -9, 1, 7), (7, 6, -7, 0, 8), (7, 6, -7, 3, 7), (7, 6, -6, 4, 8), (7, 8, -8, 4, 9), (8, 0, -2, 5, 7), (8, 0, -2, 8, 7), (8, 1, -4, 7, 5), (8, 1, -3, 7, 6), (8, 1, -2, 4, 8), (8, 1, -2, 7, 7), (8, 2, -6, 5, 5), (8, 2, -6, 7, 6), (8, 2, -5, 3, 6), (8, 2, -5, 7, 5), (8, 3, -6, 5, 5), (8, 3, -6, 7, 5), (8, 3, -5, 8, 7), (8, 3, -4, 8, 6), (8, 4, -7, 5, 5), (8, 4, -6, 7, 5), (8, 4, -5, 4, 7), (8, 4, -5, 7, 6), (8, 4, -4, 5, 8), (8, 5, -9, 4, 6), (8, 5, -6, 2, 8), (8, 5, -6, 5, 7), (8, 5, -5, 3, 9), (8, 5, -5, 6, 8), (8, 6, -8, 2, 7), (8, 6, -7, 3, 8), (8, 6, -7, 6, 7), (8, 6, -6, 4, 9), (8, 7, -8, 4, 8), (9, 0, -2, 8, 8), (9, 1, -4, 8, 6), (9, 1, -3, 8, 7), (9, 2, -6, 7, 5), (9, 2, -5, 8, 6), (9, 3, -8, 6, 6), (9, 3, -7, 5, 6), (9, 3, -6, 3, 7), (9, 3, -6, 8, 6), (9, 3, -4, 9, 7), (9, 4, -6, 8, 6), (9, 4, -5, 8, 7), (9, 4, -5, 9, 7), (9, 4, -4, 5, 9), (9, 5, -6, 5, 8), (9, 5, -6, 8, 7), (9, 5, -6, 9, 8), (9, 5, -5, 6, 9), (9, 6, -7, 3, 9), (9, 6, -7, 6, 8), (9, 6, -6, 4, 10), (9, 7, -8, 4, 9), (9, 7, -8, 7, 8), (9, 10, -11, 5, 10), (10, 1, -4, 9, 7), (10, 2, -6, 9, 7), (10, 4, -6, 9, 7), (10, 5, -6, 5, 9), (10, 5, -6, 8, 8), (10, 6, -7, 6, 9), (10, 6, -7, 9, 8), (10, 7, -8, 4, 10), (10, 7, -8, 7, 9), (10, 8, -9, 8, 9), (11, 4, -7, 10, 7), (11, 6, -7, 6, 10), (11, 6, -7, 9, 9), (11, 7, -8, 7, 10), (11, 8, -9, 5, 11), (11, 8, -9, 8, 10), (12, 4, -7, 11, 8), (12, 6, -7, 9, 10), (12, 7, -8, 7, 11), (12, 8, -9, 8, 11)]
Number of Extremal Generators NOT contained in C: 41
Vector norms: [sqrt(53), 2*sqrt(19), 3*sqrt(7), sqrt(41), 4*sqrt(5), sqrt(42), 4*sqrt(5), sqrt(66), sqrt(33), sqrt(11), sqrt(37), sqrt(58), 3*sqrt(3), sqrt(34), sqrt(21), sqrt(74), sqrt(39), sqrt(62), sqrt(38), sqrt(34), sqrt(35), 6, sqrt(67), 4*sqrt(5), 4*sqrt(3), sqrt(55), 2*sqrt(17), sqrt(77), sqrt(59), sqrt(91), sqrt(73), 3*sqrt(14), sqrt(138), sqrt(142), sqrt(155), sqrt(149), sqrt(222), sqrt(213), sqrt(195), sqrt(226), sqrt(247)]
Vector to remove = (2, -1, -1, 1, 2) and its norm = sqrt(11)
Forming cone with 881 vectors in Hilbert Basis of D + Extremal Generators of C.
Step 2... Original number of extremal rays: 5, Now: 46
Number of Extremal Generators NOT contained in C: 41
Vector norms: [sqrt(53), 2*sqrt(19), 3*sqrt(7), sqrt(41), 2*sqrt(3), 4*sqrt(5), sqrt(42), 4*sqrt(5), sqrt(66), sqrt(33), sqrt(37), sqrt(58), 3*sqrt(3), sqrt(34), sqrt(21), sqrt(74), sqrt(39), sqrt(62), sqrt(38), sqrt(34), sqrt(35), 6, sqrt(67), 4*sqrt(5), 4*sqrt(3), sqrt(55), 2*sqrt(17), sqrt(77), sqrt(59), sqrt(91), sqrt(73), 3*sqrt(14), sqrt(138), sqrt(142), sqrt(155), sqrt(149), sqrt(222), sqrt(213), sqrt(195), sqrt(226), sqrt(247)]
Vector to remove = (0, -1, -1, -1, 3) and its norm = 2*sqrt(3)
Forming cone with 903 vectors in Hilbert Basis of D + Extremal Generators of C.
Step 3... Original number of extremal rays: 5, Now: 45
Number of Extremal Generators NOT contained in C: 40
Vector norms: [sqrt(53), 2*sqrt(19), 3*sqrt(7), sqrt(41), 4*sqrt(5), sqrt(42), 4*sqrt(5), sqrt(66), sqrt(33), sqrt(37), sqrt(58), 3*sqrt(3), sqrt(34), sqrt(21), sqrt(74), sqrt(39), sqrt(62), sqrt(38), sqrt(34), sqrt(35), 6, sqrt(67), 4*sqrt(5), 4*sqrt(3), sqrt(55), 2*sqrt(17), sqrt(77), sqrt(59), sqrt(91), sqrt(73), 3*sqrt(14), sqrt(138), sqrt(142), sqrt(155), sqrt(149), sqrt(222), sqrt(213), sqrt(195), sqrt(226), sqrt(247)]
Vector to remove = (3, 0, -2, 2, 2) and its norm = sqrt(21)
Forming cone with 913 vectors in Hilbert Basis of D + Extremal Generators of C.
Step 4... Original number of extremal rays: 5, Now: 44
Number of Extremal Generators NOT contained in C: 39
Vector norms: [sqrt(53), 2*sqrt(19), 3*sqrt(7), sqrt(41), 4*sqrt(5), sqrt(42), 4*sqrt(5), sqrt(66), sqrt(33), sqrt(37), sqrt(58), 3*sqrt(3), sqrt(34), sqrt(74), sqrt(39), sqrt(62), sqrt(38), sqrt(34), sqrt(35), 6, sqrt(67), 4*sqrt(5), 4*sqrt(3), sqrt(55), 2*sqrt(17), sqrt(77), sqrt(59), sqrt(91), sqrt(73), 3*sqrt(14), sqrt(138), sqrt(142), sqrt(155), sqrt(149), sqrt(222), sqrt(213), sqrt(195), sqrt(226), sqrt(247)]
Vector to remove = (3, -2, -1, 2, 3) and its norm = 3*sqrt(3)
Forming cone with 946 vectors in Hilbert Basis of D + Extremal Generators of C.
Step 5... Original number of extremal rays: 5, Now: 45
Number of Extremal Generators NOT contained in C: 40
Vector norms: [sqrt(53), 2*sqrt(19), 3*sqrt(7), sqrt(41), 4*sqrt(5), sqrt(42), 4*sqrt(5), sqrt(66), sqrt(33), sqrt(37), sqrt(58), sqrt(34), sqrt(74), sqrt(39), sqrt(62), sqrt(38), sqrt(34), sqrt(35), 6, sqrt(58), sqrt(67), 4*sqrt(5), 4*sqrt(3), sqrt(55), 2*sqrt(17), sqrt(77), sqrt(59), sqrt(91), 3*sqrt(10), sqrt(73), 3*sqrt(14), sqrt(138), sqrt(142), sqrt(155), sqrt(149), sqrt(222), sqrt(213), sqrt(195), sqrt(226), sqrt(247)]
Vector to remove = (2, -3, 0, 2, 4) and its norm = sqrt(33)
Forming cone with 948 vectors in Hilbert Basis of D + Extremal Generators of C.
Step 6... Original number of extremal rays: 5, Now: 45
Number of Extremal Generators NOT contained in C: 40
Vector norms: [sqrt(53), 2*sqrt(19), 3*sqrt(7), sqrt(41), sqrt(106), 4*sqrt(5), sqrt(42), 4*sqrt(5), sqrt(66), sqrt(37), sqrt(58), sqrt(34), sqrt(74), sqrt(39), sqrt(62), sqrt(38), sqrt(34), sqrt(35), 6, sqrt(58), sqrt(67), 4*sqrt(5), 4*sqrt(3), sqrt(55), 2*sqrt(17), sqrt(77), sqrt(59), sqrt(91), 3*sqrt(10), sqrt(73), 3*sqrt(14), sqrt(138), sqrt(142), sqrt(155), sqrt(149), sqrt(222), sqrt(213), sqrt(195), sqrt(226), sqrt(247)]
Vector to remove = (3, 0, -3, 0, 4) and its norm = sqrt(34)
Forming cone with 952 vectors in Hilbert Basis of D + Extremal Generators of C.
Step 7... Original number of extremal rays: 5, Now: 46
Number of Extremal Generators NOT contained in C: 41
Vector norms: [sqrt(53), 2*sqrt(19), 3*sqrt(7), sqrt(41), sqrt(106), 4*sqrt(5), sqrt(42), 4*sqrt(5), sqrt(66), 7, sqrt(37), sqrt(58), 2*sqrt(19), sqrt(74), sqrt(39), sqrt(62), sqrt(38), sqrt(34), sqrt(35), 6, sqrt(58), sqrt(67), 4*sqrt(5), 4*sqrt(3), sqrt(55), 2*sqrt(17), sqrt(77), sqrt(59), sqrt(91), 3*sqrt(10), sqrt(73), 3*sqrt(14), sqrt(138), sqrt(142), sqrt(155), sqrt(149), sqrt(222), sqrt(213), sqrt(195), sqrt(226), sqrt(247)]
Vector to remove = (4, -1, -2, 2, 3) and its norm = sqrt(34)
Forming cone with 957 vectors in Hilbert Basis of D + Extremal Generators of C.
Step 8... Original number of extremal rays: 5, Now: 51
Number of Extremal Generators NOT contained in C: 46
Vector norms: [sqrt(53), 2*sqrt(19), 3*sqrt(7), sqrt(41), sqrt(106), 2*sqrt(23), 4*sqrt(5), sqrt(42), 4*sqrt(5), sqrt(66), 7, sqrt(37), sqrt(58), 3*sqrt(7), 2*sqrt(19), sqrt(74), sqrt(39), sqrt(62), sqrt(38), sqrt(35), 6, sqrt(101), sqrt(58), sqrt(67), 4*sqrt(5), 4*sqrt(3), sqrt(55), 2*sqrt(17), sqrt(77), sqrt(59), sqrt(91), 3*sqrt(10), sqrt(73), 9, 2*sqrt(29), 3*sqrt(14), sqrt(138), sqrt(142), sqrt(155), sqrt(149), sqrt(222), sqrt(213), sqrt(195), sqrt(226), sqrt(247), sqrt(253)]
Vector to remove = (4, -1, -1, 1, 4) and its norm = sqrt(35)
Forming cone with 977 vectors in Hilbert Basis of D + Extremal Generators of C.
Step 9... Original number of extremal rays: 5, Now: 52
Number of Extremal Generators NOT contained in C: 47
Vector norms: [sqrt(53), 2*sqrt(19), 3*sqrt(7), sqrt(41), sqrt(106), 2*sqrt(23), 4*sqrt(5), sqrt(42), 4*sqrt(5), sqrt(66), sqrt(38), 7, sqrt(37), sqrt(58), 3*sqrt(7), 2*sqrt(19), sqrt(74), sqrt(39), sqrt(62), sqrt(38), 6, sqrt(101), 5*sqrt(3), sqrt(58), sqrt(67), 4*sqrt(5), 4*sqrt(3), sqrt(55), 2*sqrt(17), sqrt(77), sqrt(59), sqrt(91), 3*sqrt(10), sqrt(73), 9, 2*sqrt(29), 3*sqrt(14), sqrt(138), sqrt(142), sqrt(155), sqrt(149), sqrt(222), sqrt(213), sqrt(195), sqrt(226), sqrt(247), sqrt(253)]
Vector to remove = (4, -1, -1, 3, 3) and its norm = 6
Forming cone with 978 vectors in Hilbert Basis of D + Extremal Generators of C.
Step 10... Original number of extremal rays: 5, Now: 51
Number of Extremal Generators NOT contained in C: 46
Vector norms: [sqrt(53), 2*sqrt(19), 3*sqrt(7), sqrt(41), sqrt(106), 2*sqrt(23), 4*sqrt(5), sqrt(42), 4*sqrt(5), sqrt(66), sqrt(38), 7, sqrt(37), sqrt(58), 3*sqrt(7), 2*sqrt(19), sqrt(74), sqrt(39), sqrt(62), sqrt(38), sqrt(101), 5*sqrt(3), sqrt(58), sqrt(67), 4*sqrt(5), 4*sqrt(3), sqrt(55), 2*sqrt(17), sqrt(77), sqrt(59), sqrt(91), 3*sqrt(10), sqrt(73), 9, 2*sqrt(29), 3*sqrt(14), sqrt(138), sqrt(142), sqrt(155), sqrt(149), sqrt(222), sqrt(213), sqrt(195), sqrt(226), sqrt(247), sqrt(253)]
Vector to remove = (2, 0, -2, -2, 5) and its norm = sqrt(37)
Forming cone with 982 vectors in Hilbert Basis of D + Extremal Generators of C.
Step 11... Original number of extremal rays: 5, Now: 51
Number of Extremal Generators NOT contained in C: 46
Vector norms: [sqrt(53), 2*sqrt(19), 3*sqrt(7), sqrt(41), sqrt(106), 2*sqrt(23), 4*sqrt(5), sqrt(42), 8, 4*sqrt(5), sqrt(66), sqrt(38), 7, sqrt(58), 3*sqrt(7), 2*sqrt(19), sqrt(74), sqrt(39), sqrt(62), sqrt(38), sqrt(101), 5*sqrt(3), sqrt(58), sqrt(67), 4*sqrt(5), 4*sqrt(3), sqrt(55), 2*sqrt(17), sqrt(77), sqrt(59), sqrt(91), 3*sqrt(10), sqrt(73), 9, 2*sqrt(29), 3*sqrt(14), sqrt(138), sqrt(142), sqrt(155), sqrt(149), sqrt(222), sqrt(213), sqrt(195), sqrt(226), sqrt(247), sqrt(253)]
Vector to remove = (2, -3, 0, 0, 5) and its norm = sqrt(38)
Forming cone with 983 vectors in Hilbert Basis of D + Extremal Generators of C.
Step 12... Original number of extremal rays: 5, Now: 50
Number of Extremal Generators NOT contained in C: 45
Vector norms: [sqrt(53), 2*sqrt(19), 3*sqrt(7), sqrt(41), sqrt(106), 2*sqrt(23), 4*sqrt(5), sqrt(42), 8, 4*sqrt(5), sqrt(66), 7, sqrt(58), 3*sqrt(7), 2*sqrt(19), sqrt(74), sqrt(39), sqrt(62), sqrt(38), sqrt(101), 5*sqrt(3), sqrt(58), sqrt(67), 4*sqrt(5), 4*sqrt(3), sqrt(55), 2*sqrt(17), sqrt(77), sqrt(59), sqrt(91), 3*sqrt(10), sqrt(73), 9, 2*sqrt(29), 3*sqrt(14), sqrt(138), sqrt(142), sqrt(155), sqrt(149), sqrt(222), sqrt(213), sqrt(195), sqrt(226), sqrt(247), sqrt(253)]
Vector to remove = (4, -1, -2, 1, 4) and its norm = sqrt(38)
Forming cone with 984 vectors in Hilbert Basis of D + Extremal Generators of C.
Step 13... Original number of extremal rays: 5, Now: 60
Number of Extremal Generators NOT contained in C: 55
Vector norms: [sqrt(53), 2*sqrt(19), 3*sqrt(7), sqrt(41), sqrt(106), 2*sqrt(23), 4*sqrt(5), sqrt(42), 8, 4*sqrt(5), sqrt(66), 7, sqrt(78), sqrt(58), 3*sqrt(7), 2*sqrt(19), sqrt(74), 7*sqrt(2), sqrt(39), sqrt(62), sqrt(109), sqrt(119), sqrt(101), sqrt(102), 5*sqrt(3), sqrt(58), sqrt(67), 4*sqrt(5), 4*sqrt(3), sqrt(55), 2*sqrt(17), sqrt(77), sqrt(59), sqrt(66), sqrt(91), 3*sqrt(10), 3*sqrt(15), sqrt(73), 9, sqrt(103), 5*sqrt(5), 2*sqrt(29), 3*sqrt(11), 3*sqrt(14), sqrt(138), sqrt(154), sqrt(142), sqrt(155), sqrt(149), sqrt(222), sqrt(213), sqrt(195), sqrt(226), sqrt(247), sqrt(253)]
Vector to remove = (4, -2, -1, 3, 3) and its norm = sqrt(39)
Forming cone with 996 vectors in Hilbert Basis of D + Extremal Generators of C.
Step 14... Original number of extremal rays: 5, Now: 70
Number of Extremal Generators NOT contained in C: 65
Vector norms: [sqrt(53), 2*sqrt(19), 3*sqrt(7), sqrt(41), sqrt(106), 2*sqrt(23), 4*sqrt(5), sqrt(42), sqrt(43), 8, 4*sqrt(5), sqrt(66), 7, sqrt(78), sqrt(58), 2*sqrt(35), 2*sqrt(23), 3*sqrt(7), sqrt(70), 2*sqrt(19), sqrt(19), sqrt(74), 7*sqrt(2), sqrt(62), sqrt(109), sqrt(119), sqrt(101), sqrt(102), 5*sqrt(3), sqrt(58), sqrt(71), sqrt(67), 4*sqrt(5), 4*sqrt(3), sqrt(55), 2*sqrt(17), sqrt(77), sqrt(59), sqrt(66), sqrt(91), 3*sqrt(15), 3*sqrt(10), 3*sqrt(15), sqrt(73), 9, sqrt(103), 4*sqrt(14), 5*sqrt(5), 2*sqrt(29), 3*sqrt(11), 3*sqrt(14), sqrt(138), sqrt(143), sqrt(154), sqrt(142), sqrt(181), sqrt(155), sqrt(149), sqrt(222), sqrt(214), sqrt(213), sqrt(195), sqrt(226), sqrt(247), sqrt(253)]
Vector to remove = (3, -1, -1, 2, 2) and its norm = sqrt(19)